{"winDayGustMin": 0.0,
 "uv": null,
 "TempInMin": 6.2,
 "cloud_base_altitude": 1689.6390672420096,
 "PressureMax": 1015.3559023596167,
 "UmOutMin": 52.0,
 "wind_dir_ave": 49.06505117707798,
 "hum_in": null,
 "temp_out": 19.5,
 "location_altitude": 490.0,
 "station_name": "Sigillo",
 "winDayMin": 0.0,
 "wind_chill": 19.5,
 "UmOutMax": 86.0,
 "location_longitude": 12.743187,
 "wind_trend_limit": 10.0,
 "temp_in": 22.7,
 "illuminance": null,
 "abs_pressure": 957.09,
 "rain_rate_24h": 0.6000000000000227,
 "winDayGustMax": 7.34,
 "dew_point": 9.660560370481038,
 "TempOutMin": 6.4,
 "UmInMin": null,
 "winDayMax": 4.9,
 "UmInMax": null,
 "rain_rate": 0.3000000000000682,
 "wind_ave": 1.22,
 "rain": 995.1,
 "wind_trend": 1.6427667984189738,
 "rel_pressure": 1014.6667995378344,
 "pressure_trend": -0.04240632749429096,
 "last_measure_time": "[04/06/2013-11:50:58]",
 "wind_dir": 90.0,
 "wind_dir_code": "E",
 "hum_out": 53.0,
 "wind_gust": 2.45,
 "idx": "[04/06/2013-11:50:58]",
 "location_latitude": 43.351983,
 "temp_apparent": 19.2175298435539,
 "rain_rate_1h": 0.0,
 "PressureMin": 1014.47597106411,
 "TempInMax": 22.7,
 "wind_speed_units": "kmh",
 "TempOutMax": 20.0}